de = [2, 2, 3, 1, 2, 2, 1, 3, 3, 1, 1, 1, 1, 1, 2, 2, 2, 1, 1, 1, 2, 1, 1, 3, 2, 1, 1, 2, 1, 1, 1, 3, 3, 1, 1, 2, 3, 2, 2, 2, 2, 1, 1, 1, 1, 3, 1, 1, 2, 2]







st = [150, 130, 130, 50, 120, 150, 120, 100, 100, 100, 150, 150, 150, 150, 100, 130, 130, 150, 100, 120, 100, 130, 120, 100, 10, 100, 110, 110, 10, 10, 138, 70, 80, 50, 150, 100, 100, 100, 100, 130, 70, 133, 0, 100, 50, 160, 100, 0, 150, 145]
de = [1, 1, 1, 1, 3, 2, 1, 2, 1, 1, 2, 1, 1, 2, 1, 1, 1, 1, 2, 1, 1, 1, 1, 1, 1, 1, 1, 2, 1, 1, 1, 1, 1, 2, 3, 2, 1, 1, 3, 1, 1, 2, 2, 2, 1, 1, 2, 1, 1, 1]
